delta_t: 0.01

Q:   [1, 1, 1, 1, 1, 1, 1, 1, 1, 1, 1, 1]
R:    [0.1, 0.1, 0.1, 0.1]

umin:  [-2, -2, -2, -2, -2, -2, -2, -2]
umax:  [2, 2, 2, 2, 2, 2, 2, 2]

mass: 1.478
CoG: [-0.000108, 0, -8e-6]
Inertia_Matrix: [0.0115202, 0, 0, 0, 0.0115457, 0, 0, 0, 0.0218256]
Offset_Inertia_Matrix: [ 1.15202001e-02,  0.00000000e+00, -1.27699200e-09, 0.00000000e+00,  1.15457173e-02,  0.00000000e+00, -1.27699200e-09,  0.00000000e+00,  2.18256172e-02]

IM: [0.0115202,  0,     0,
         0,  0.0115457, 0,
         0,      0, 0.0218256]

OIM: [1.15202001e-02,  0.00000000e+00, -1.27699200e-09,
      0.00000000e+00,  1.15457173e-02,  0.00000000e+00,
     -1.27699200e-09,  0.00000000e+00,  2.18256172e-02]
