delta_t: 0.1
Horizon: 20
method: 'ipopt'
#method: 'sqpmethod'


### LINEAR

Q:   [10, 1, 0.1, 10, 1, 0.1, 10, 1, 0.1, 10, 1, 0.1]
R:    [0.01, 0.1, 0.01, 0.1, 0.01, 0.1, 0.01, 0.1]                 #[dprevyaw, dyaw, dprevx, dx, dprevy, dy, dprevz, dz]

Q_acados:   [10, 1, 0.1, 10, 1, 0.1, 10, 1, 0.1, 10, 1, 0.1, 0.01, 0.01, 0.01, 0.01]
R_acados:    [0.1, 0.1, 0.1, 0.1]

umin:  [-2, -2, -2, -2, -2, -2, -2, -2]
umax:  [2, 2, 2, 2, 2, 2, 2, 2]

P_factor: 50



### NONLINEAR

x_test: [0, 0, 0, 0, 0, 0, 0.2, 0, 0, 0, 0, 0, 0, 0, 0, 0, 0, 0, 0, 0]

Qnl: [10, 1, 0.1, 10, 1, 0.1, 10, 1, 0.1, 10, 1, 0.1, 10, 1, 0.1, 10, 1, 0.1,  0, 0]  # 20
Rnl: [0.01, 0.1, 0.01, 0.1, 0.01, 0.1, 0.01, 0.1, 0.01, 0.01]                         # 10

Qnl_acados: [10, 1, 0.1, 10, 1, 0.1, 10, 1, 0.1, 10, 1, 0.1, 10, 1, 0.1, 10, 1, 0.1,  0, 0,  0.01, 0.01, 0.01, 0.01, 0.01, 0.01]  # 26
Rnl_acados: [0.1, 0.1, 0.1, 0.1]                                                                                                  # 4

umin_nl:  [-2, -2, -2, -2, -2, -2, -2, -2, -10, -10]
umax_nl:  [2, 2, 2, 2, 2, 2, 2, 2, 10, 10]

mass: 1.478
CoG: [-0.000108, 0, -8e-6]
Inertia_Matrix: [0.0115202, 0, 0, 0, 0.0115457, 0, 0, 0, 0.0218256]
Offset_Inertia_Matrix: [ 1.15202001e-02,  0.00000000e+00, -1.27699200e-09, 0.00000000e+00,  1.15457173e-02,  0.00000000e+00, -1.27699200e-09,  0.00000000e+00,  2.18256172e-02]

IM: [0.0115202, 0, 0,
     0, 0.0115457, 0,
     0, 0, 0.0218256]

OIM: [1.15202001e-02,  0.00000000e+00, -1.27699200e-09,
      0.00000000e+00,  1.15457173e-02,  0.00000000e+00,
     -1.27699200e-09,  0.00000000e+00,  2.18256172e-02]
