#Ax: [1, 0.01, 5e-05, 0, 1, 0.01, 0, -5.01, 0]
#Ay: [1, 0.01, 5e-05, 0, 1, 0.01, 0, -5.01, 0]
#Az: [1, 0.01, 5e-05, 0, 1, 0.01, 0, -5.01, 0]
#Ayaw: [1, 0.01, 5e-05, 0, 1, 0.01, 0, -5.025, 0]

#Bx: [0, 0, 0, 0, 4.175, 0.835]
#By: [0, 0, 0, 0, 4.175, 0.835]
#Bz: [0, 0, 0, 0, 4.175, 0.835]
#Byaw: [0, 0, 0, 0, 4.56818, 0.456818]

kpx: 5.0
kix: 1.0
kdx: 0.0
taux: 0.05

kpy: 5.0
kiy: 1.0
kdy: 0.0
tauy: 0.05

kpz: 5.0
kiz: 1.0
kdz: 0.0
tauz: 0.05

kpyaw: 5.0
kiyaw: 2.5
kdyaw: 0.0
tauyaw: 0.1

delta_t: 0.1
